-0.29797
0.07905
0.34301
0.11245
-0.29066
-0.26516
0.14246
0.34688
0.04153
-0.32039
-0.21067
0.19606
0.32118
-0.02145
-0.32515
-0.15878
0.23284
0.29078
-0.07837
-0.33161
-0.09962
0.27311
0.24789
-0.14413
-0.31861
-0.02584
0.28985
0.18774
-0.18564
-0.27781
0.03055
0.28072
0.13253
-0.20754
-0.24108
0.06920
0.28156
0.08890
-0.23562
-0.21623
0.11427
0.28464
0.02921
-0.26862
-0.16898
0.17644
0.26575
-0.03993
-0.28130
-0.11317
0.21615
0.23511
-0.09542
-0.28204
-0.05122
0.25396
0.18443
-0.16113
-0.25910
0.01744
0.26476
0.13091
-0.19906
-0.23062
0.07196
0.26755
0.07413
-0.23076
-0.19781
0.12003
0.27291
0.01751
-0.26431
-0.15152
0.17563
0.25222
-0.04788
-0.27650
-0.09792
0.21895
0.22140
-0.11043
-0.27615
-0.04099
0.24726
0.18192
-0.16158
-0.25662
0.02426
0.26116
0.13063
-0.19370
-0.23178
0.07505
0.27084
0.07352
-0.22913
-0.19242
0.12452
0.25603
0.01154
-0.25665
-0.14190
0.17472
0.23090
-0.05201
-0.26332
-0.08720
0.21402
0.19649
-0.11073
-0.25316
-0.02209
0.24392
0.15421
-0.16497
-0.22885
0.04303
0.24875
0.09486
-0.20140
-0.19373
0.08723
0.24592
0.05156
-0.23285
-0.17094
0.13124
0.24463
0.00509
-0.25161
-0.13019
0.17067
0.22115
-0.04801
-0.24908
-0.08285
0.19729
0.19957
-0.09096
-0.25797
-0.04156
0.23810
0.17827
-0.15280
-0.26080
0.01969
0.26875
0.12813
-0.20626
-0.23580
0.08049
0.27538
0.06766
-0.23738
-0.19659
0.13160
0.27412
0.01492
-0.27282
-0.15472
0.18349
0.25988
-0.04329
-0.29408
-0.10673
0.23657
0.23570
-0.11742
-0.30458
-0.03721
0.28734
0.19135
-0.19619
-0.29671
0.04188
0.32006
0.13275
-0.25149
-0.26087
0.11030
0.31951
0.06556
-0.29437
-0.21536
0.17273
0.31029
-0.00065
-0.32400
-0.16661
0.22311
0.29166
-0.06293
-0.32933
-0.10727
0.26572
0.25270
-0.12985
-0.32523
-0.04101
0.30195
0.20126
-0.18901
-0.30309
0.02644
0.31094
0.15046
-0.22675
-0.27839
0.07583
0.32695
0.10510
-0.28130
-0.25724
0.14132
0.33545
0.03536
-0.32155
-0.19998
0.21115
0.31317
-0.03967
-0.33773
-0.14270
0.25671
0.29112
-0.10149
-0.34936
-0.08249
0.30124
0.25006
-0.16715
-0.34093
-0.01807
0.33612
0.20035
-0.23057
-0.32002
0.05530
0.35155
0.13046
-0.28245
-0.27835
0.12276
0.34376
0.06846
-0.30710
-0.23684
0.17325
0.33569
0.01636
-0.33925
-0.20223
0.24099
0.32894
-0.06223
-0.36796
-0.12972
0.29457
0.28552
-0.13534
-0.36007
-0.05652
0.32371
0.23460
-0.19819
-0.34432
0.01566
0.34921
0.17569
-0.25352
-0.30715
0.08177
0.34490
0.11132
-0.27976
-0.26337
0.13171
0.33671
0.04994
-0.30957
-0.21806
0.19189
0.32731
-0.01444
-0.33085
-0.16233
0.23693
0.29710
-0.07199
-0.34116
-0.11690
0.27944
0.26626
-0.13993
-0.34348
-0.05199
0.31291
0.21780
-0.20005
-0.32208
0.02513
0.32978
0.15860
-0.23455
-0.28930
0.07103
0.33971
0.11805
-0.27424
-0.25714
0.12931
0.33222
0.05514
-0.30022
-0.21562
0.17237
0.30740
-0.00232
-0.31028
-0.17081
0.20788
0.28602
-0.05305
-0.31579
-0.12397
0.24220
0.26450
-0.09569
-0.31461
-0.07570
0.27216
0.22893
-0.14567
-0.30795
-0.02172
0.30068
0.18836
-0.21000
-0.29809
0.04612
0.32064
0.12708
-0.26237
-0.25918
0.12004
0.32214
0.05372
-0.29435
-0.20769
0.17568
0.30216
-0.01090
-0.29846
-0.14561
0.20650
0.26262
-0.06645
-0.29992
-0.08365
0.24954
0.22082
-0.12981
-0.29124
-0.02807
0.27597
0.17566
-0.18176
-0.27058
0.03756
0.29268
0.11557
-0.23176
-0.22966
0.09941
0.27960
0.05121
-0.25330
-0.17868
0.14593
0.25575
-0.00824
-0.26394
-0.13312
0.18894
0.24161
-0.06386
-0.27452
-0.08163
0.21847
0.21188
-0.10466
-0.27457
-0.03799
0.25741
0.17656
-0.16435
-0.25851
0.03037
0.26748
0.11593
-0.19824
-0.21804
0.07981
0.25563
0.06554
-0.22395
-0.18788
0.12133
0.24678
0.01230
-0.24086
-0.13945
0.15723
0.22060
-0.03842
-0.24515
-0.09197
0.19763
0.19538
-0.09439
-0.24123
-0.03548
0.23364
0.16129
-0.15551
-0.23485
0.02452
0.25149
0.10833
-0.19204
-0.20370
0.07890
0.24361
0.05161
-0.21968
-0.16923
0.12954
0.23713
0.00142
-0.24245
-0.12913
0.17314
0.21943
-0.05972
-0.25130
-0.06764
0.20649
0.18589
-0.10464
-0.24639
-0.02705
0.23172
0.15331
-0.15703
-0.22806
0.03372
0.24328
0.09627
-0.19579
-0.19570
0.09080
0.24776
0.04355
-0.22517
-0.16428
0.13916
0.24141
-0.01344
-0.24997
-0.11919
0.18683
0.22260
-0.07401
-0.26639
-0.05782
0.22541
0.17817
-0.13244
-0.24420
0.00717
0.23539
0.13320
-0.17552
-0.22538
0.05584
0.25113
0.08966
-0.21961
-0.19984
0.11089
0.25499
0.03697
-0.24520
-0.15978
0.15452
0.24672
-0.01813
-0.26930
-0.11300
0.20638
0.22986
-0.08534
-0.28203
-0.05695
0.24083
0.19412
-0.13996
-0.27155
0.00291
0.26723
0.14872
-0.19342
-0.25613
0.05678
0.27804
0.09965
-0.22597
-0.22627
0.11164
0.28108
0.04247
-0.26403
-0.18024
0.16936
0.26435
-0.01393
-0.28223
-0.14339
0.21406
0.25723
-0.06926
-0.30131
-0.08981
0.25226
0.22348
-0.12806
-0.29399
-0.02955
0.28029
0.18501
-0.18553
-0.28805
0.03333
0.30836
0.13410
-0.24012
-0.26337
0.09469
0.31215
0.07813
-0.26535
-0.21860
0.13452
0.28765
0.02388
-0.27669
-0.16620
0.18390
0.26057
-0.03166
-0.27787
-0.12329
0.21296
0.24225
-0.08454
-0.29197
-0.07091
0.25259
0.20600
-0.13509
-0.27678
-0.01742
0.26277
0.16205
-0.17389
-0.26056
0.04140
0.28188
0.11074
-0.23089
-0.23931
0.10292
0.29531
0.06146
-0.26552
-0.20015
0.15742
0.28428
-0.00068
-0.28390
-0.15092
0.19922
0.25491
-0.06146
-0.28583
-0.09341
0.23244
0.22333
-0.10657
-0.28315
-0.04765
0.25934
0.19107
-0.16176
-0.28921
0.00871
0.29091
0.14991
-0.21410
-0.26621
0.07412
0.30528
0.10105
-0.25107
-0.23581
0.12905
0.30734
0.03071
-0.29671
-0.18264
0.19105
0.29144
-0.03179
-0.31876
-0.13459
0.24935
0.27152
-0.10564
-0.33363
-0.07098
0.29511
0.22454
-0.18337
-0.31928
0.01962
0.32550
0.16093
-0.24560
-0.28678
0.10016
0.33180
0.07808
-0.29414
-0.23314
0.16361
0.32046
0.01372
-0.31809
-0.18227
0.21786
0.30355
-0.05141
-0.33016
-0.11109
0.25819
0.24730
-0.11679
-0.31789
-0.05398
0.28890
0.21526
-0.17420
-0.32012
0.00397
0.32734
0.16624
-0.23627
-0.29007
0.07126
0.32850
0.10126
-0.28107
-0.23637
0.14723
0.30994
0.03030
-0.29435
-0.17678
0.19595
0.27747
-0.03735
-0.30044
-0.12633
0.22617
0.25028
-0.08748
-0.30505
-0.07243
0.27043
0.21365
-0.15376
-0.29508
-0.00653
0.29128
0.15735
-0.20450
-0.26746
0.06076
0.29752
0.09694
-0.24158
-0.22340
0.11951
0.28212
0.04261
-0.25631
-0.17972
0.15362
0.25774
-0.00436
-0.26002
-0.14228
0.18603
0.24381
-0.05474
-0.27471
-0.09663
0.22733
0.21461
-0.11402
-0.27169
-0.03676
0.25054
0.16953
-0.16085
-0.25085
0.02342
0.26093
0.12700
-0.19256
-0.23349
0.06923
0.26435
0.07255
-0.22642
-0.19273
0.12416
0.25817
0.01171
-0.25002
-0.13874
0.17050
0.23402
-0.04308
-0.25876
-0.09808
0.20980
0.20948
-0.10152
-0.26397
-0.04243
0.24854
0.16912
-0.16088
-0.24804
0.03030
0.26357
0.10772
-0.20858
-0.21350
0.10025
0.26253
0.03880
-0.24473
-0.16759
0.16238
0.25155
-0.03225
-0.26157
-0.11011
0.20238
0.21787
-0.09414
-0.26536
-0.04284
0.23584
0.16498
-0.14935
-0.24104
0.02402
0.24978
0.10866
-0.18917
-0.20783
0.07182
0.25024
0.06019
-0.21841
-0.17878
0.13037
0.25373
-0.00266
-0.25477
-0.13196
0.19300
0.22707
-0.07902
-0.26083
-0.05719
0.22482
0.17181
-0.13134
-0.23417
0.00559
0.22763
0.12769
-0.15778
-0.21258
0.03832
0.23058
0.09358
-0.18603
-0.19725
0.08661
0.24644
0.03792
-0.22325
-0.15913
0.14877
0.23584
-0.03454
-0.24814
-0.09874
0.19216
0.20446
-0.08656
-0.24921
-0.04747
0.22098
0.17391
-0.13112
-0.24463
-0.00035
0.24721
0.13147
-0.18652
-0.22381
0.06884
0.26014
0.06941
-0.22952
-0.18768
0.12610
0.26345
0.02258
-0.25516
-0.15762
0.17215
0.24718
-0.04423
-0.27788
-0.10393
0.23015
0.22693
-0.11005
-0.29212
-0.04146
0.27507
0.18245
-0.18016
-0.27758
0.03272
0.29273
0.11852
-0.22734
-0.22872
0.09277
0.27913
0.07037
-0.24445
-0.20298
0.13813
0.27453
0.00639
-0.27377
-0.15543
0.20372
0.26140
-0.06945
-0.30166
-0.09151
0.26492
0.21984
-0.14685
-0.28781
-0.01253
0.28624
0.15953
-0.20588
-0.26363
0.05928
0.29124
0.09754
-0.23461
-0.20924
0.11517
0.26104
0.03489
-0.24501
-0.16784
0.15418
0.24997
-0.01297
-0.25701
-0.12764
0.18817
0.22523
-0.06878
-0.25659
-0.06411
0.21538
0.17346
-0.12019
-0.22907
-0.00501
0.21759
0.12964
-0.14464
-0.21509
0.03106
0.23770
0.09201
-0.18219
-0.19161
0.07946
0.23186
0.03227
-0.21105
-0.13540
0.13653
0.20700
-0.02042
-0.22014
-0.09341
0.16956
0.17577
-0.07503
-0.21476
-0.04311
0.19456
0.13798
-0.12276
-0.19361
0.01750
0.20549
0.08989
-0.15620
-0.17360
0.06723
0.21215
0.03830
-0.18643
-0.13807
0.11365
0.19507
-0.01295
-0.19346
-0.09055
0.14137
0.16897
-0.05480
-0.19647
-0.04692
0.16959
0.13496
-0.10456
-0.18734
0.01159
0.18964
0.08574
-0.13776
-0.15705
0.06138
0.18907
0.02453
-0.16817
-0.11213
0.10674
0.16964
-0.02409
-0.17794
-0.06950
0.14567
0.14151
-0.08139
-0.17471
-0.01267
0.16862
0.09316
-0.11803
-0.14301
0.02795
0.16242
0.05797
-0.13271
-0.12063
0.06047
0.16017
0.02690
-0.15270
-0.09927
0.10052
0.15169
-0.02606
-0.17306
-0.05478
0.14913
0.12055
-0.08182
-0.15479
-0.00423
0.15736
0.07451
-0.12209
-0.12340
0.04699
0.15041
0.03234
-0.13680
-0.09890
0.08230
0.14859
-0.00916
-0.15526
-0.06744
0.12395
0.13326
-0.06413
-0.15922
-0.01800
0.14269
0.09329
-0.09774
-0.13728
0.02855
0.15296
0.05004
-0.13453
-0.12050
0.07428
0.16680
0.00366
-0.17099
-0.08289
0.12926
0.14532
-0.05565
-0.17141
-0.03306
0.15926
0.11536
-0.10811
-0.16680
0.02107
0.17768
0.07685
-0.14748
-0.15086
0.07165
0.18798
0.03018
-0.18267
-0.12277
0.12850
0.18562
-0.03989
-0.20393
-0.06038
0.17057
0.14741
-0.10036
-0.19874
0.00250
0.19961
0.10747
-0.14780
-0.18723
0.05375
0.21959
0.05244
-0.18932
-0.14330
0.10158
0.20795
0.00108
-0.21525
-0.09930
0.15860
0.18066
-0.06642
-0.21726
-0.04299
0.19326
0.14279
-0.11430
-0.20385
0.00446
0.20475
0.10780
-0.15064
-0.18577
0.05752
0.21472
0.05211
-0.18943
-0.14607
0.10958
0.20546
-0.00026
-0.20804
-0.10709
0.15214
0.19204
-0.05448
-0.22870
-0.06527
0.19930
0.16500
-0.11914
-0.21963
0.00679
0.22075
0.10708
-0.16642
-0.18760
0.06501
0.22166
0.05443
-0.20093
-0.15697
0.11743
0.22110
-0.00280
-0.23033
-0.10546
0.17157
0.19612
-0.06658
-0.23259
-0.05508
0.19837
0.16804
-0.11309
-0.23356
-0.01055
0.23466
0.13946
-0.17711
-0.22831
0.06527
0.25820
0.07768
-0.22425
-0.19705
0.12633
0.26231
0.01166
-0.26007
-0.14871
0.18663
0.25039
-0.06063
-0.27606
-0.08703
0.22446
0.21868
-0.11925
-0.29000
-0.03064
0.28159
0.18432
-0.20441
-0.28921
0.06394
0.31950
0.09935
-0.26867
-0.23233
0.14459
0.31215
0.01635
-0.30971
-0.17431
0.21709
0.29223
-0.06948
-0.32977
-0.09564
0.28156
0.24526
-0.16710
-0.33082
0.00249
0.32409
0.16618
-0.24233
-0.28359
0.09408
0.32375
0.07800
-0.28205
-0.21605
0.16365
0.30103
-0.00088
-0.30814
-0.15140
0.22205
0.26391
-0.07839
-0.30548
-0.07456
0.25867
0.21245
-0.14566
-0.29161
-0.00105
0.28670
0.15209
-0.21164
-0.25776
0.08249
0.28946
0.06936
-0.25217
-0.19612
0.14716
0.27148
-0.00617
-0.27743
-0.12823
0.19962
0.23213
-0.07155
-0.28109
-0.06726
0.24962
0.19553
-0.14952
-0.27412
0.01270
0.28031
0.13165
-0.21663
-0.23759
0.09433
0.28207
0.05150
-0.25897
-0.17965
0.16662
0.26434
-0.02845
-0.27831
-0.11357
0.21426
0.22476
-0.09575
-0.28056
-0.05008
0.25667
0.18407
-0.16952
-0.26882
0.03320
0.28652
0.11752
-0.22982
-0.23088
0.10494
0.28396
0.05081
-0.26442
-0.19285
0.17303
0.28604
-0.02938
-0.30359
-0.12568
0.24520
0.25234
-0.12651
-0.30895
-0.02720
0.28058
0.17727
-0.19314
-0.27603
0.05736
0.29431
0.10234
-0.24224
-0.23319
0.12898
0.29783
0.02634
-0.28389
-0.17074
0.19706
0.27018
-0.06076
-0.30168
-0.09365
0.25354
0.22390
-0.14283
-0.29319
-0.00684
0.28636
0.15360
-0.20528
-0.25234
0.07138
0.28968
0.08331
-0.25193
-0.21409
0.14438
0.29266
0.00173
-0.29730
-0.15064
0.21887
0.26190
-0.08697
-0.30724
-0.06290
0.27194
0.19693
-0.17049
-0.28335
0.02915
0.29590
0.12230
-0.22529
-0.23534
0.09889
0.28523
0.05425
-0.25872
-0.18789
0.16000
0.27070
-0.01975
-0.27964
-0.12564
0.20516
0.23957
-0.08328
-0.28754
-0.06132
0.25401
0.18863
-0.15363
-0.26787
0.01456
0.27575
0.12126
-0.20935
-0.22613
0.09308
0.27186
0.04409
-0.24438
-0.16460
0.15371
0.24115
-0.02530
-0.25621
-0.10709
0.20199
0.20804
-0.09605
-0.24768
-0.03757
0.22938
0.16007
-0.15684
-0.23496
0.03802
0.25502
0.09035
-0.21014
-0.19504
0.11305
0.25254
0.01281
-0.24499
-0.13936
0.17599
0.22945
-0.05870
-0.26275
-0.07181
0.23429
0.17869
-0.14868
-0.24203
0.02580
0.24956
0.10038
-0.19396
-0.19588
0.08279
0.24507
0.04831
-0.22940
-0.15836
0.14748
0.23061
-0.03428
-0.25228
-0.08622
0.21156
0.18256
-0.11894
-0.23734
-0.00722
0.23854
0.12627
-0.17797
-0.21256
0.07089
0.25062
0.04933
-0.21914
-0.15387
0.13562
0.22651
-0.02497
-0.23835
-0.09230
0.18883
0.19196
-0.09281
-0.24497
-0.03197
0.23644
0.14871
-0.16863
-0.22883
0.05266
0.25878
0.07350
-0.22385
-0.17775
0.12620
0.24334
-0.00266
-0.24344
-0.11742
0.17720
0.20934
-0.07074
-0.24077
-0.05474
0.20391
0.16694
-0.11619
-0.22678
-0.00562
0.21835
0.12886
-0.15493
-0.21257
0.04588
0.23562
0.08173
-0.19897
-0.18781
0.11233
0.24969
0.01233
-0.24424
-0.13649
0.18154
0.22978
-0.07149
-0.26582
-0.06210
0.23558
0.17957
-0.15258
-0.25405
0.02561
0.26785
0.10815
-0.21635
-0.21224
0.10808
0.26777
0.02309
-0.25513
-0.15178
0.17416
0.24257
-0.05597
-0.26371
-0.08165
0.21604
0.19992
-0.11583
-0.25616
-0.01543
0.24747
0.14555
-0.17469
-0.23759
0.05746
0.27006
0.08097
-0.22838
-0.19854
0.12580
0.26149
0.00662
-0.25639
-0.13764
0.18190
0.23014
-0.06621
-0.25871
-0.07007
0.21633
0.18727
-0.12211
-0.24796
-0.00229
0.24365
0.12655
-0.17450
-0.21572
0.06284
0.24707
0.06117
-0.20700
-0.17416
0.11593
0.24226
0.00062
-0.23787
-0.11586
0.16765
0.20081
-0.05883
-0.23279
-0.05872
0.19567
0.16070
-0.10150
-0.22022
-0.01438
0.21901
0.11970
-0.15365
-0.19844
0.04937
0.22967
0.05740
-0.19729
-0.15704
0.11335
0.22158
-0.00645
-0.22543
-0.10105
0.16632
0.18274
-0.06989
-0.21046
-0.03590
0.18135
0.13286
-0.10494
-0.18959
-0.00028
0.19852
0.10767
-0.14723
-0.19137
0.05039
0.22927
0.05580
-0.20361
-0.16071
0.12127
0.22673
-0.01086
-0.22767
-0.10634
0.17438
0.19701
-0.07666
-0.23900
-0.04420
0.22507
0.15177
-0.14877
-0.21817
0.03040
0.22995
0.09319
-0.17693
-0.18413
0.07169
0.22533
0.04975
-0.20766
-0.15948
0.13247
0.22913
-0.02101
-0.23831
-0.10157
0.18765
0.19953
-0.08592
-0.24290
-0.04199
0.22537
0.15963
-0.14733
-0.23807
0.02218
0.25932
0.11090
-0.20745
-0.21312
0.09859
0.26503
0.03128
-0.24972
-0.15809
0.16507
0.24780
-0.04125
-0.26850
-0.09576
0.21401
0.20998
-0.10435
-0.25971
-0.02889
0.23719
0.15402
-0.15182
-0.23592
0.02561
0.24914
0.10681
-0.19299
-0.21189
0.08191
0.25880
0.05424
-0.23531
-0.17866
0.14560
0.25759
-0.01019
-0.26810
-0.12774
0.21008
0.22517
-0.09350
-0.26044
-0.05412
0.23515
0.18393
-0.14476
-0.26217
0.00284
0.27252
0.13922
-0.20820
-0.24407
0.08346
0.29030
0.06408
-0.26025
-0.19634
0.16048
0.28424
-0.01568
-0.29685
-0.13496
0.23350
0.25211
-0.10661
-0.30128
-0.05573
0.26919
0.19590
-0.16888
-0.27573
0.01521
0.27976
0.13990
-0.21238
-0.24904
0.07908
0.29137
0.08111
-0.25464
-0.21531
0.14753
0.29377
0.00617
-0.28828
-0.15758
0.20516
0.26701
-0.06454
-0.30152
-0.09666
0.25174
0.22604
-0.13229
-0.29321
-0.02692
0.27955
0.17304
-0.19221
-0.26802
0.04801
0.28900
0.10972
-0.23379
-0.22214
0.11134
0.26798
0.04270
-0.24033
-0.17123
0.14003
0.25173
-0.00104
-0.25757
-0.13771
0.18278
0.24069
-0.05617
-0.27461
-0.08946
0.23192
0.21026
-0.11904
-0.27608
-0.02790
0.26679
0.16727
-0.17870
-0.26089
0.04429
0.28123
0.10492
-0.22982
-0.22009
0.11169
0.27045
0.04123
-0.25335
-0.17840
0.15633
0.26489
-0.01111
-0.28239
-0.13585
0.21727
0.24971
-0.09126
-0.29739
-0.05971
0.26824
0.20206
-0.16387
-0.28952
0.01121
0.29936
0.13917
-0.22351
-0.25176
0.08194
0.30152
0.07721
-0.26589
-0.22033
0.15187
0.30253
0.00311
-0.30089
-0.15960
0.22022
0.27305
-0.08113
-0.31104
-0.08158
0.26274
0.22531
-0.14282
-0.29750
-0.02151
0.28507
0.18215
-0.19553
-0.28260
0.04334
0.30984
0.12490
-0.25039
-0.26165
0.11604
0.33242
0.04988
-0.30927
-0.20732
0.20151
0.30805
-0.04361
-0.32130
-0.12497
0.24726
0.25737
-0.10717
-0.31045
-0.06117
0.27343
0.20644
-0.16374
-0.29352
0.00659
0.30067
0.15445
-0.22282
-0.26991
0.07629
0.31108
0.09718
-0.26543
-0.23756
0.14467
0.31233
0.01930
-0.30078
-0.18350
0.20587
0.29701
-0.05329
-0.32335
-0.12187
0.25861
0.26360
-0.11989
-0.32871
-0.06102
0.30034
0.22521
-0.18492
-0.32824
0.01217
0.33894
0.16486
-0.24955
-0.29613
0.08819
0.34490
0.09861
-0.29074
-0.25620
0.14990
0.34341
0.03534
-0.33432
-0.20845
0.22738
0.32242
-0.05406
-0.34757
-0.13143
0.27483
0.27753
-0.12509
-0.34757
-0.06471
0.32180
0.23896
-0.20508
-0.34726
0.02700
0.36405
0.15938
-0.27986
-0.30587
0.11833
0.37209
0.07521
-0.33315
-0.25158
0.20604
0.36123
-0.01983
-0.36744
-0.17343
0.27513
0.32026
-0.10863
-0.37376
-0.09006
0.31972
0.26174
-0.18111
-0.35958
-0.01528
0.35360
0.21040
-0.24718
-0.34952
0.06916
0.38625
0.13263
-0.31373
-0.29555
0.15561
0.36990
0.04957
-0.33752
-0.23586
0.20733
0.35302
-0.01656
-0.36641
-0.18014
0.26902
0.32293
-0.09397
-0.36954
-0.10372
0.30993
0.26756
-0.16231
-0.35131
-0.02892
0.33277
0.21101
-0.21951
-0.32595
0.04126
0.34448
0.14845
-0.26799
-0.28782
0.11244
0.34608
0.07585
-0.30816
-0.24089
0.17918
0.33942
0.00096
-0.34411
-0.18527
0.24763
0.32002
-0.08309
-0.36019
-0.10246
0.29291
0.26292
-0.15214
-0.34305
-0.02513
0.31479
0.20086
-0.20441
-0.31137
0.04154
0.32764
0.13849
-0.25328
-0.27033
0.10662
0.32574
0.07415
-0.29166
-0.22827
0.16613
0.31461
0.00506
-0.31469
-0.16892
0.21931
0.28885
-0.06523
-0.32506
-0.11077
0.26519
0.26350
-0.13956
-0.33588
-0.03210
0.30879
0.20052
-0.20184
-0.30555
0.03954
0.32007
0.13449
-0.24825
-0.26201
0.10972
0.31663
0.06677
-0.28456
-0.21708
0.17115
0.30433
-0.01119
-0.30800
-0.14572
0.22330
0.25965
-0.08372
-0.30009
-0.08029
0.25370
0.22272
-0.13924
-0.29423
-0.02012
0.28821
0.18137
-0.20152
-0.28420
0.05070
0.31084
0.10986
-0.25783
-0.23472
0.12898
0.29611
0.03391
-0.27741
-0.17778
0.17227
0.26924
-0.02001
-0.28761
-0.13002
0.21912
0.24320
-0.08664
-0.28800
-0.07374
0.24713
0.21164
-0.13511
-0.27914
-0.01823
0.26929
0.16690
-0.18606
-0.26059
0.04590
0.28310
0.10749
-0.22668
-0.22749
0.10518
0.28550
0.04236
-0.26090
-0.17585
0.15601
0.26315
-0.01349
-0.27223
-0.12688
0.19363
0.23730
-0.06760
-0.27971
-0.07228
0.23573
0.20070
-0.12632
-0.27281
-0.01318
0.26715
0.15302
-0.18561
-0.24846
0.05146
0.27171
0.09502
-0.21935
-0.20595
0.09936
0.25475
0.04712
-0.23996
-0.17608
0.15020
0.25584
-0.01125
-0.26434
-0.12502
0.19389
0.22531
-0.07207
-0.26369
-0.06561
0.22252
0.18725
-0.12049
-0.25330
-0.01425
0.24354
0.14832
-0.16383
-0.23313
0.03513
0.25119
0.10778
-0.20071
-0.21817
0.08704
0.26334
0.05516
-0.23586
-0.18035
0.13968
0.25125
0.00285
-0.25126
-0.14448
0.17960
0.24364
-0.04931
-0.27678
-0.09427
0.23179
0.20912
-0.11836
-0.26743
-0.02903
0.25319
0.16509
-0.17265
-0.24531
0.03683
0.25497
0.11146
-0.20172
-0.21399
0.08398
0.25469
0.06541
-0.22622
-0.18378
0.12805
0.24748
0.01139
-0.24337
-0.14175
0.16721
0.22942
-0.04477
-0.25584
-0.08644
0.20498
0.19138
-0.09659
-0.24256
-0.03427
0.21664
0.15117
-0.13074
-0.22103
0.00920
0.22543
0.11780
-0.16337
-0.20408
0.05255
0.23163
0.07467
-0.19793
-0.17525
0.10726
0.22949
0.01455
-0.22560
-0.12955
0.15342
0.20626
-0.03627
-0.22195
-0.08634
0.17386
0.18538
-0.08047
-0.22911
-0.03992
0.20397
0.15199
-0.12844
-0.21503
0.01495
0.21360
0.10227
-0.15770
-0.18417
0.05549
0.21184
0.06473
-0.17694
-0.16348
0.08646
0.21757
0.03044
-0.20470
-0.13571
0.12990
0.20845
-0.01527
-0.22201
-0.10312
0.16936
0.19451
-0.06836
-0.23385
-0.05556
0.20275
0.16057
-0.11806
-0.21985
-0.00620
0.21657
0.13076
-0.15037
-0.20940
0.03175
0.22946
0.10151
-0.18121
-0.19308
0.07424
0.23265
0.05906
-0.20986
-0.17091
0.12008
0.23557
0.01140
-0.23484
-0.13586
0.16639
0.22104
-0.04972
-0.25161
-0.08271
0.20981
0.18992
-0.10967
-0.25060
-0.02423
0.23887
0.14444
-0.16247
-0.22501
0.04023
0.24539
0.09433
-0.18904
-0.19724
0.07937
0.24839
0.05332
-0.22273
-0.16905
0.13229
0.24299
-0.00491
-0.24913
-0.13007
0.18264
0.22924
-0.06948
-0.26267
-0.06794
0.22104
0.18871
-0.12284
-0.25476
-0.00707
0.24850
0.13949
-0.17544
-0.23040
0.05812
0.25331
0.07660
-0.20341
-0.18495
0.09934
0.24145
0.03035
-0.22853
-0.15640
0.14799
0.23598
-0.02950
-0.24648
-0.10530
0.18819
0.20848
-0.08063
-0.25133
-0.04706
0.22731
0.16605
-0.13685
-0.24182
0.01603
0.25109
0.11239
-0.18763
-0.21435
0.07932
0.25463
0.04904
-0.22826
-0.17024
0.14248
0.24125
-0.02085
-0.24811
-0.11405
0.18852
0.21427
-0.07688
-0.25082
-0.06005
0.22044
0.17930
-0.12612
-0.24424
-0.00265
0.24522
0.13362
-0.17603
-0.22822
0.05954
0.25620
0.07538
-0.21234
-0.19335
0.11445
0.25182
0.01609
-0.23992
-0.14379
0.16332
0.22904
-0.03961
-0.25025
-0.09663
0.20156
0.20629
-0.09380
-0.26028
-0.04127
0.23825
0.16196
-0.14285
-0.24329
0.01073
0.25654
0.11649
-0.19191
-0.21473
0.07407
0.25542
0.06329
-0.22242
-0.17910
0.13080
0.24598
0.00356
-0.25013
-0.13597
0.18804
0.22805
-0.06867
-0.26910
-0.06774
0.23919
0.18325
-0.14298
-0.25903
0.01271
0.26402
0.11742
-0.19487
-0.21900
0.07959
0.26026
0.05789
-0.22716
-0.18392
0.13500
0.25629
-0.00564
-0.25685
-0.13164
0.18849
0.23378
-0.06938
-0.26991
-0.06896
0.23501
0.18965
-0.13506
-0.25962
0.00137
0.26077
0.13085
-0.18739
-0.23025
0.06292
0.26051
0.07544
-0.21679
-0.19380
0.11764
0.25663
0.01404
-0.24986
-0.14414
0.17578
0.23220
-0.04981
-0.26090
-0.08812
0.21563
0.19964
-0.10710
-0.25812
-0.02724
0.24771
0.14970
-0.16614
-0.22435
0.04029
0.23688
0.08715
-0.18454
-0.18646
0.08338
0.22666
0.04124
-0.20274
-0.15582
0.13103
0.22293
-0.01643
-0.22712
-0.10743
0.18078
0.19846
-0.08339
-0.23273
-0.04485
0.20734
0.15219
-0.12924
-0.21564
0.01028
0.21657
0.10975
-0.15812
-0.20214
0.06179
0.23738
0.05708
-0.20365
-0.16764
0.12035
0.22850
-0.00566
-0.22615
-0.10761
0.16248
0.19030
-0.05591
-0.21909
-0.05853
0.18917
0.15842
-0.10144
-0.21590
-0.01723
0.21743
0.12806
-0.15672
-0.21284
0.04812
0.23938
0.06916
-0.20490
-0.17421
0.11809
0.23415
-0.00162
-0.22977
-0.11580
0.16756
0.20771
-0.05969
-0.24123
-0.06516
0.21227
0.17468
-0.12762
-0.23964
0.00857
0.24221
0.10973
-0.18506
-0.20085
0.08485
0.24105
0.03888
-0.21816
-0.15716
0.14983
0.23588
-0.04067
-0.25452
-0.08903
0.21393
0.19533
-0.11812
-0.25217
-0.01256
0.24632
0.13575
-0.17369
-0.22639
0.05296
0.26250
0.07976
-0.22524
-0.19822
0.12542
0.27275
0.00870
-0.26985
-0.14339
0.20005
0.24912
-0.08314
-0.29044
-0.05996
0.25901
0.18848
-0.16989
-0.27166
0.03203
0.28405
0.11242
-0.22402
-0.22483
0.10231
0.28001
0.04385
-0.25848
-0.17835
0.16380
0.26991
-0.02600
-0.28844
-0.11906
0.23189
0.23611
-0.11574
-0.29157
-0.02992
0.27824
0.16908
-0.19005
-0.26214
0.05086
0.29030
0.09808
-0.24050
-0.22181
0.12130
0.28689
0.02879
-0.27568
-0.16893
0.18410
0.26430
-0.04688
-0.29070
-0.10079
0.23617
0.22840
-0.11972
-0.29135
-0.03475
0.27976
0.18586
-0.19442
-0.28224
0.04552
0.30635
0.11250
-0.24989
-0.23772
0.12442
0.30179
0.03231
-0.28184
-0.17460
0.18901
0.27415
-0.04161
-0.29890
-0.11826
0.23964
0.24489
-0.11998
-0.30692
-0.03988
0.28045
0.18319
-0.18530
-0.27104
0.03970
0.28822
0.11342
-0.22910
-0.22844
0.11021
0.29016
0.04336
-0.26985
-0.17944
0.17872
0.27052
-0.03953
-0.28981
-0.10713
0.22834
0.22388
-0.11244
-0.27852
-0.03662
0.24837
0.17354
-0.16375
-0.25933
0.02951
0.27334
0.11691
-0.22280
-0.23048
0.11337
0.28761
0.02984
-0.26793
-0.16223
0.18555
0.25468
-0.05315
-0.27865
-0.09447
0.23507
0.21839
-0.12876
-0.28298
-0.01509
0.27725
0.15691
-0.20728
-0.25766
0.08200
0.29580
0.06729
-0.26802
-0.20232
0.16559
0.28344
-0.02268
-0.29708
-0.12619
0.23427
0.24824
-0.11460
-0.30810
-0.03243
0.29309
0.18179
-0.20713
-0.28649
0.07008
0.32241
0.08988
-0.27595
-0.22492
0.15924
0.30619
-0.00508
-0.31377
-0.15092
0.23629
0.27255
-0.09876
-0.32627
-0.06388
0.29146
0.21662
-0.18325
-0.31304
0.02948
0.32590
0.13743
-0.25519
-0.27261
0.11582
0.33330
0.05254
-0.30635
-0.21268
0.20037
0.31869
-0.04059
-0.34506
-0.12968
0.28432
0.26663
-0.14546
-0.33715
-0.02484
0.32396
0.19109
-0.22743
-0.30732
0.06980
0.34406
0.11074
-0.29428
-0.26524
0.16824
0.35010
-0.00121
-0.34446
-0.17934
0.25561
0.31367
-0.11127
-0.35709
-0.06534
0.31249
0.22860
-0.19699
-0.32016
0.03263
0.32430
0.14019
-0.24645
-0.26486
0.10295
0.31691
0.06953
-0.28699
-0.21986
0.17560
0.31155
-0.01373
-0.32567
-0.15237
0.25327
0.27639
-0.10909
-0.33162
-0.06287
0.30285
0.21329
-0.19146
-0.31511
0.02914
0.33918
0.13678
-0.26801
-0.26974
0.12454
0.33554
0.04322
-0.30992
-0.19611
0.20499
0.30126
-0.04905
-0.32156
-0.11885
0.24775
0.24798
-0.11115
-0.30233
-0.04861
0.27855
0.19696
-0.18147
-0.29463
0.03651
0.32083
0.12360
-0.26300
-0.25880
0.13509
0.32599
0.02366
-0.31219
-0.17870
0.21804
0.28650
-0.07254
-0.32290
-0.09262
0.28015
0.23413
-0.16159
-0.31348
-0.00249
0.31251
0.16621
-0.22820
-0.28511
0.08089
0.33450
0.09067
-0.30053
-0.23678
0.18993
0.32416
-0.02904
-0.33365
-0.13936
0.26591
0.26869
-0.12579
-0.32826
-0.05238
0.30992
0.20814
-0.21023
-0.30831
0.04681
0.33602
0.12455
-0.27946
-0.26198
0.14389
0.33751
0.02835
-0.32795
-0.19058
0.23304
0.30901
-0.08283
-0.35130
-0.08846
0.30076
0.24140
-0.17658
-0.33218
0.00941
0.33994
0.16331
-0.25892
-0.29047
0.11522
0.34555
0.05408
-0.31620
-0.21327
0.20449
0.31840
-0.03964
-0.34138
-0.13581
0.27539
0.28358
-0.13375
-0.35706
-0.04668
0.34075
0.21654
-0.23319
-0.33351
0.06319
0.37024
0.11394
-0.31077
-0.26560
0.16830
0.35113
0.01411
-0.35096
-0.19152
0.25059
0.31290
-0.08793
-0.35406
-0.08873
0.30309
0.24390
-0.16709
-0.32981
-0.00984
0.33005
0.18050
-0.23713
-0.29712
0.07307
0.33293
0.10112
-0.28286
-0.24031
0.15300
0.31869
0.02240
-0.30695
-0.18553
0.20890
0.29817
-0.05231
-0.32452
-0.12103
0.26119
0.26179
-0.12794
-0.32991
-0.04676
0.30479
0.21367
-0.19266
-0.32250
0.02289
0.33417
0.14953
-0.25152
-0.28805
0.09902
0.34989
0.07847
-0.30682
-0.23373
0.18348
0.33566
-0.00981
-0.34136
-0.16273
0.25007
0.29179
-0.09930
-0.34918
-0.08184
0.30118
0.23933
-0.17142
-0.33067
-0.00449
0.33033
0.18675
-0.23252
-0.31632
0.07066
0.35967
0.11312
-0.30557
-0.27237
0.16867
0.35999
0.01629
-0.35137
-0.19768
0.25229
0.32560
-0.07986
-0.36545
-0.11225
0.31024
0.27233
-0.17285
-0.36121
-0.01480
0.34695
0.19880
-0.24696
-0.33165
0.08209
0.37497
0.10933
-0.32090
-0.27153
0.18309
0.36586
0.00934
-0.35720
-0.20005
0.24890
0.33025
-0.07841
-0.36521
-0.11807
0.29767
0.27621
-0.15497
-0.34978
-0.02592
0.32704
0.20459
-0.21340
-0.31760
0.04697
0.34470
0.13507
-0.28030
-0.27727
0.13522
0.33487
0.04519
-0.30630
-0.21033
0.19633
0.30844
-0.03023
-0.32351
-0.14326
0.25213
0.27645
-0.11275
-0.33410
-0.06075
0.30249
0.22487
-0.18891
-0.32790
0.02036
0.34159
0.15919
-0.26422
-0.29662
0.11815
0.35531
0.06151
-0.32191
-0.22677
0.20239
0.33317
-0.03190
-0.34894
-0.14454
0.26967
0.28601
-0.11216
-0.34894
-0.07717
0.31095
0.24045
-0.18156
-0.33834
-0.00321
0.34308
0.18535
-0.25661
-0.31803
0.09579
0.36910
0.09868
-0.32355
-0.27253
0.18777
0.37607
0.00485
-0.37508
-0.19975
0.27028
0.34119
-0.09288
-0.38784
-0.11529
0.33058
0.29405
-0.18427
-0.38750
-0.01876
0.37433
0.22127
-0.25991
-0.36019
0.07329
0.40268
0.14155
-0.33598
-0.32304
0.17507
0.41671
0.03781
-0.40031
-0.24320
0.27863
0.38273
-0.08623
-0.41604
-0.12995
0.34001
0.31252
-0.17670
-0.40177
-0.03594
0.38061
0.24190
-0.25875
-0.37958
0.06123
0.40953
0.15649
-0.32819
-0.32926
0.15648
0.41388
0.06054
-0.38626
-0.26324
0.24953
0.39122
-0.04652
-0.41520
-0.17371
0.32375
0.34519
-0.14143
-0.41754
-0.07735
0.38069
0.27573
-0.23725
-0.39588
0.02323
0.41286
0.18819
-0.31211
-0.34203
0.11317
0.40459
0.11037
-0.35078
-0.29240
0.19356
0.39036
0.01772
-0.37858
-0.22174
0.25738
0.36117
-0.06568
-0.38950
-0.14215
0.30366
0.31209
-0.13756
-0.38422
-0.06466
0.34352
0.25567
-0.21159
-0.37090
0.02037
0.37751
0.17473
-0.28302
-0.32322
0.10645
0.38339
0.09619
-0.33355
-0.26819
0.18645
0.36336
0.00751
-0.35816
-0.19588
0.25539
0.33194
-0.07721
-0.37037
-0.12325
0.30705
0.28514
-0.16080
-0.36612
-0.02841
0.35141
0.21059
-0.24155
-0.33269
0.06325
0.36673
0.12623
-0.30505
-0.28011
0.15519
0.36144
0.03513
-0.34121
-0.21489
0.22258
0.33333
-0.04721
-0.35991
-0.14339
0.28951
0.30065
-0.13595
-0.37462
-0.05452
0.34097
0.22836
-0.21075
-0.34066
0.02261
0.35743
0.16846
-0.27228
-0.30937
0.10967
0.36957
0.07996
-0.32707
-0.24453
0.19281
0.34912
-0.00517
-0.35640
-0.18178
0.26120
0.32219
-0.08834
-0.37519
-0.11278
0.32815
0.27971
-0.18892
-0.37505
-0.01218
0.37443
0.20261
-0.27288
-0.33845
0.08930
0.38160
0.11729
-0.31842
-0.28266
0.16496
0.36892
0.04332
-0.34463
-0.23750
0.22312
0.36058
-0.03874
-0.37780
-0.16096
0.28882
0.31970
-0.12127
-0.38823
-0.08356
0.34596
0.26844
-0.20580
-0.38051
0.00410
0.38800
0.19903
-0.28572
-0.34946
0.09893
0.40449
0.11074
-0.34454
-0.28767
0.18053
0.38795
0.03384
-0.37569
-0.24032
0.25063
0.37725
-0.04877
-0.40495
-0.17346
0.32187
0.34881
-0.14293
-0.42804
-0.07941
0.38523
0.27823
-0.23147
-0.39764
0.01094
0.40776
0.21251
-0.30045
-0.36753
0.10089
0.42572
0.12941
-0.36807
-0.32061
0.20279
0.42210
0.02092
-0.40629
-0.24314
0.27923
0.39137
-0.08020
-0.42441
-0.14961
0.33642
0.34058
-0.15864
-0.42601
-0.06530
0.38849
0.27402
-0.23980
-0.39657
0.02493
0.40616
0.19465
-0.29225
-0.35019
0.09375
0.40283
0.12661
-0.33664
-0.30535
0.16824
0.39337
0.04234
-0.36781
-0.23840
0.22817
0.36495
-0.02770
-0.38014
-0.17767
0.27944
0.32914
-0.10475
-0.37472
-0.09737
0.30867
0.27099
-0.16045
-0.35600
-0.03658
0.33087
0.22358
-0.21034
-0.33785
0.02668
0.35301
0.16037
-0.26627
-0.29236
0.10831
0.34278
0.07798
-0.29415
-0.23525
0.16441
0.32299
0.01019
-0.31392
-0.17944
0.21488
0.29815
-0.06066
-0.33428
-0.11853
0.27255
0.26604
-0.13820
-0.34110
-0.03795
0.32211
0.20027
-0.21764
-0.30729
0.05583
0.33322
0.11790
-0.26170
-0.25328
0.11982
0.31870
0.05058
-0.28602
-0.20714
0.17404
0.30817
-0.01593
-0.31963
-0.15331
0.24075
0.27755
-0.09752
-0.31886
-0.07861
0.27286
0.22984
-0.15342
-0.30893
-0.01776
0.29895
0.18138
-0.20218
-0.28409
0.04556
0.30586
0.12226
-0.23885
-0.24896
0.10637
0.30380
0.05512
-0.26470
-0.19341
0.14897
0.27338
-0.00032
-0.26556
-0.14622
0.17315
0.24926
-0.03737
-0.27295
-0.11406
0.20808
0.23198
-0.08380
-0.27527
-0.06330
0.23773
0.19499
-0.13656
-0.26616
-0.00239
0.25791
0.14620
-0.17582
-0.24286
0.04214
0.26091
0.10368
-0.20143
-0.21329
0.08332
0.25736
0.05913
-0.22699
-0.18355
0.13092
0.25088
0.00277
-0.24831
-0.13622
0.17342
0.22456
-0.04779
-0.24667
-0.08606
0.20090
0.19279
-0.09837
-0.23892
-0.02999
0.21866
0.15150
-0.13711
-0.22172
0.00976
0.22538
0.12017
-0.17075
-0.21172
0.05724
0.24139
0.07807
-0.20746
-0.18883
0.10608
0.24541
0.03326
-0.23443
-0.16043
0.15364
0.24478
-0.02199
-0.25983
-0.11552
0.20136
0.22345
-0.08469
-0.26479
-0.05713
0.22512
0.18364
-0.12862
-0.25091
-0.01014
0.24040
0.14793
-0.16697
-0.23510
0.03532
0.25539
0.10983
-0.20590
-0.21272
0.08654
0.25330
0.06191
-0.22521
-0.17711
0.12359
0.24015
0.01780
-0.23890
-0.14115
0.16312
0.22899
-0.03754
-0.24748
-0.09201
0.18646
0.19651
-0.07670
-0.23732
-0.05620
0.20722
0.18014
-0.11677
-0.24800
-0.01353
0.23763
0.14213
-0.16033
-0.23020
0.03080
0.25060
0.10548
-0.20030
-0.21107
0.08499
0.26067
0.05311
-0.23057
-0.17321
0.12829
0.25020
0.00629
-0.24489
-0.13366
0.16308
0.22682
-0.04277
-0.24528
-0.08963
0.18371
0.19766
-0.07491
-0.23772
-0.05916
0.20171
0.17562
-0.11541
-0.23343
-0.01163
0.22074
0.13532
-0.14942
-0.20999
0.03291
0.22895
0.09764
-0.18266
-0.19132
0.08475
0.23554
0.04565
-0.21058
-0.16073
0.12798
0.22807
-0.01518
-0.23510
-0.11189
0.17055
0.20262
-0.06444
-0.23537
-0.06496
0.19790
0.17836
-0.10635
-0.23899
-0.01567
0.23316
0.14389
-0.15885
-0.23030
0.04384
0.25292
0.08575
-0.20473
-0.19243
0.10059
0.24902
0.02980
-0.23446
-0.15513
0.14988
0.23474
-0.02608
-0.24394
-0.10383
0.18503
0.20408
-0.07283
-0.25120
-0.05862
0.22773
0.17893
-0.13186
-0.25410
0.00407
0.25917
0.12395
-0.18966
-0.22690
0.06449
0.26582
0.07422
-0.22916
-0.19821
0.12261
0.26398
0.02060
-0.25111
-0.15793
0.17226
0.25692
-0.03883
-0.28260
-0.10435
0.23017
0.21887
-0.11275
-0.27836
-0.03916
0.25826
0.17336
-0.16581
-0.26413
0.02519
0.28043
0.12241
-0.21773
-0.24363
0.09437
0.29800
0.05940
-0.26353
-0.19784
0.16034
0.28552
-0.01168
-0.29214
-0.14106
0.21988
0.25957
-0.08118
-0.30650
-0.08026
0.26293
0.21826
-0.14396
-0.29774
-0.01132
0.29287
0.16572
-0.20948
-0.28111
0.06793
0.31068
0.09579
-0.25603
-0.24105
0.12827
0.31016
0.04205
-0.29226
-0.20017
0.19534
0.29964
-0.03121
-0.31411
-0.13820
0.24774
0.27179
-0.10514
-0.33288
-0.06676
0.30407
0.22522
-0.18803
-0.33128
0.01758
0.34130
0.15699
-0.26113
-0.29952
0.10964
0.35252
0.07121
-0.31318
-0.23813
0.19034
0.33320
-0.00929
-0.33154
-0.17064
0.24436
0.30359
-0.08042
-0.34902
-0.10096
0.30329
0.25747
-0.17235
-0.34511
-0.00283
0.33557
0.17892
-0.24104
-0.30996
0.08361
0.34345
0.09588
-0.28483
-0.24957
0.14983
0.32109
0.02538
-0.29839
-0.18933
0.19115
0.29676
-0.02226
-0.31315
-0.15055
0.23813
0.27926
-0.09392
-0.32836
-0.07464
0.28164
0.22345
-0.15675
-0.31126
-0.00874
0.30292
0.17286
-0.20485
-0.28918
0.04880
0.31691
0.11932
-0.25567
-0.25373
0.12471
0.31795
0.04292
-0.29332
-0.19544
0.18724
0.29293
-0.02519
-0.30625
-0.13961
0.23100
0.26787
-0.09110
-0.32852
-0.07136
0.29488
0.21796
-0.17873
-0.30932
0.01644
0.31503
0.14970
-0.23502
-0.27592
0.09196
0.32552
0.07945
-0.28847
-0.23138
0.17131
0.31605
-0.00381
-0.31816
-0.16862
0.23244
0.29314
-0.07907
-0.33793
-0.09570
0.28582
0.24377
-0.15171
-0.32534
-0.02029
0.32017
0.19119
-0.22516
-0.31390
0.06391
0.35227
0.12074
-0.29671
-0.27414
0.15795
0.34659
0.02763
-0.32441
-0.20201
0.21559
0.32451
-0.04377
-0.35493
-0.13873
0.28235
0.29067
-0.12674
-0.36512
-0.06161
0.33492
0.23035
-0.21049
-0.34501
0.02592
0.36320
0.15934
-0.27710
-0.30383
0.10665
0.35995
0.08838
-0.30867
-0.25338
0.16664
0.34990
0.02380
-0.34275
-0.19965
0.23430
0.32076
-0.05697
-0.34908
-0.12917
0.27579
0.27721
-0.12347
-0.34619
-0.06126
0.31108
0.22597
-0.18669
-0.32871
0.00581
0.32873
0.17863
-0.23333
-0.31160
0.07259
0.34802
0.11204
-0.28320
-0.26764
0.14465
0.34699
0.04018
-0.32117
-0.21863
0.20623
0.33422
-0.03281
-0.34881
-0.15780
0.26100
0.30711
-0.10231
-0.36660
-0.08843
0.31494
0.25719
-0.17706
-0.35053
-0.00967
0.33922
0.19710
-0.22792
-0.32369
0.04954
0.34989
0.14329
-0.27109
-0.29141
0.11661
0.35250
0.06958
-0.31030
-0.23639
0.18014
0.33489
-0.00141
-0.32990
-0.17836
0.22664
0.30625
-0.06151
-0.34074
-0.11912
0.27565
0.26997
-0.13239
-0.34091
-0.04783
0.31219
0.21657
-0.19674
-0.32251
0.02456
0.33360
0.15204
-0.25061
-0.28523
0.09435
0.33257
0.08459
-0.28169
-0.23872
0.14963
0.32632
0.02231
-0.31263
-0.18801
0.20385
0.30191
-0.03778
-0.31894
-0.13331
0.24104
0.26538
-0.09867
-0.31442
-0.07317
0.26551
0.22315
-0.14391
-0.30259
-0.02332
0.28192
0.18223
-0.17654
-0.28197
0.02217
0.29484
0.13846
-0.21450
-0.26131
0.06575
0.30863
0.10366
-0.25397
-0.24784
0.11965
0.32681
0.04981
-0.30203
-0.20911
0.18873
0.31510
-0.02443
-0.32554
-0.15092
0.23843
0.28291
-0.08672
-0.32627
-0.09408
0.27241
0.24180
-0.14001
-0.31123
-0.04008
0.28914
0.20255
-0.18027
-0.30067
0.01257
0.30994
0.15649
-0.22055
-0.27582
0.06218
0.31722
0.11218
-0.25721
-0.25052
0.11840
0.32196
0.05028
-0.29742
-0.20425
0.18257
0.29960
-0.01860
-0.30146
-0.15037
0.21172
0.27258
-0.06253
-0.30659
-0.10805
0.25067
0.24459
-0.11994
-0.30777
-0.05408
0.28561
0.20409
-0.17794
-0.28812
0.00928
0.29453
0.15666
-0.21408
-0.26874
0.06154
0.30728
0.10949
-0.24845
-0.24697
0.11117
0.31530
0.05657
-0.28558
-0.21535
0.17307
0.31743
-0.01110
-0.32935
-0.16941
0.24789
0.30799
-0.09552
-0.35698
-0.09293
0.30890
0.25766
-0.17685
-0.34147
-0.01114
0.33243
0.19616
-0.22677
-0.31108
0.04570
0.34105
0.14574
-0.26710
-0.29205
0.10165
0.35809
0.09002
-0.31135
-0.26315
0.16516
0.36325
0.02540
-0.35052
-0.21320
0.23196
0.34089
-0.04493
-0.36113
-0.15872
0.27145
0.31310
-0.09902
-0.36898
-0.11352
0.32010
0.29032
-0.17230
-0.37808
-0.04383
0.36285
0.24241
-0.23598
-0.36372
0.03248
0.38445
0.17696
-0.28587
-0.33617
0.10489
0.40052
0.10368
-0.33017
-0.29148
0.16151
0.39821
0.04119
-0.36747
-0.24060
0.22590
0.37711
-0.03240
-0.39010
-0.18399
0.28615
0.35135
-0.10233
-0.40300
-0.12650
0.34055
0.31681
-0.18131
-0.40882
-0.04418
0.39012
0.25469
-0.25328
-0.38604
0.03162
0.40736
0.19043
-0.29849
-0.35193
0.09534
0.41915
0.12962
-0.34757
-0.32127
0.16757
0.42657
0.05603
-0.39306
-0.27653
0.23966
0.41745
-0.02255
-0.42622
-0.21904
0.30804
0.39251
-0.10409
-0.43590
-0.14419
0.36029
0.34686
-0.17988
-0.42832
-0.06610
0.39569
0.28819
-0.24345
-0.40920
0.00358
0.41806
0.23173
-0.29848
-0.38753
0.07759
0.43599
0.15844
-0.35164
-0.34613
0.15381
0.43729
0.08084
-0.38897
-0.29312
0.22431
0.42486
-0.00543
-0.41866
-0.22224
0.28866
0.38559
-0.08506
-0.42035
-0.15164
0.33194
0.33505
-0.14563
-0.40605
-0.09977
0.36076
0.30616
-0.20296
-0.40937
-0.03005
0.39803
0.25148
-0.26981
-0.39039
0.05415
0.41641
0.17917
-0.31701
-0.35632
0.12599
0.43058
0.10074
-0.36980
-0.30559
0.20129
0.42078
0.01852
-0.40019
-0.24509
0.26195
0.39891
-0.06128
-0.42456
-0.16822
0.32514
0.35000
-0.13938
-0.41535
-0.08492
0.36446
0.28283
-0.20738
-0.38832
-0.01182
0.38534
0.22372
-0.26383
-0.36225
0.06353
0.39606
0.14633
-0.31052
-0.31325
0.13454
0.38933
0.06666
-0.34582
-0.24607
0.19899
0.35493
-0.00778
-0.35437
-0.18081
0.24748
0.31092
-0.07702
-0.33986
-0.11768
0.27056
0.27097
-0.12732
-0.33326
-0.06466
0.30273
0.23860
-0.18404
-0.33813
0.00358
0.34923
0.17795
-0.25327
-0.31125
0.08385
0.36973
0.10256
-0.31323
-0.26404
0.16275
0.35784
0.02084
-0.33949
-0.20177
0.21434
0.33238
-0.04005
-0.35938
-0.15006
0.27574
0.30579
-0.11947
-0.36653
-0.07495
0.32371
0.25369
-0.19150
-0.35150
0.00051
0.35411
0.19410
-0.26105
-0.33253
0.08589
0.38268
0.11336
-0.32859
-0.28316
0.17431
0.37847
0.01945
-0.36509
-0.21047
0.24543
0.35257
-0.06213
-0.38743
-0.13879
0.30690
0.30708
-0.14307
-0.38444
-0.05937
0.35292
0.25062
-0.22440
-0.36900
0.03153
0.38738
0.17362
-0.30220
-0.32673
0.13408
0.39348
0.06888
-0.35666
-0.25667
0.22474
0.37457
-0.03505
-0.38906
-0.16736
0.30330
0.32139
-0.13703
-0.38711
-0.06384
0.35310
0.24453
-0.22244
-0.35188
0.03024
0.36016
0.16771
-0.27327
-0.31333
0.10332
0.36518
0.09437
-0.31788
-0.26394
0.17416
0.35753
0.01432
-0.34894
-0.19349
0.23749
0.32355
-0.06079
-0.36378
-0.12498
0.29793
0.27811
-0.14363
-0.35567
-0.04566
0.33348
0.22215
-0.21319
-0.33372
0.03234
0.34952
0.15616
-0.26939
-0.29908
0.11023
0.35662
0.08411
-0.31697
-0.25391
0.18874
0.35030
-0.00432
-0.35408
-0.18050
0.26223
0.31125
-0.09711
-0.35272
-0.08922
0.29210
0.24871
-0.15312
-0.33666
-0.01731
0.32307
0.18559
-0.21801
-0.30689
0.06172
0.33832
0.10875
-0.27534
-0.24937
0.13929
0.31762
0.03367
-0.30059
-0.19149
0.20239
0.29527
-0.04412
-0.32390
-0.12243
0.26675
0.25319
-0.13329
-0.32841
-0.03191
0.31641
0.18043
-0.21773
-0.29506
0.06513
0.33105
0.09607
-0.27783
-0.23302
0.15741
0.30802
0.00368
-0.30001
-0.15132
0.22287
0.24886
-0.08053
-0.27722
-0.07637
0.23853
0.19847
-0.13167
-0.26581
-0.01150
0.26161
0.14194
-0.18422
-0.23873
0.06130
0.27178
0.07046
-0.22947
-0.19158
0.12890
0.25795
-0.00284
-0.25508
-0.11726
0.18857
0.20205
-0.06918
-0.23153
-0.05790
0.20246
0.16166
-0.11151
-0.22213
-0.00769
0.22739
0.11703
-0.16558
-0.20065
0.06315
0.23557
0.04496
-0.20796
-0.14979
0.12978
0.21751
-0.02806
-0.22444
-0.08134
0.17554
0.16857
-0.09151
-0.20396
-0.01521
0.18963
0.11662
-0.12517
-0.18018
0.02302
0.20007
0.07747
-0.16154
-0.15962
0.07860
0.19955
0.01832
-0.18109
-0.11538
0.12273
0.17936
-0.03266
-0.19682
-0.06372
0.16559
0.14124
-0.08836
-0.18608
-0.01026
0.18391
0.10768
-0.13223
-0.17737
0.04494
0.20575
0.04953
-0.17804
-0.13944
0.10564
0.20036
-0.01981
-0.19993
-0.08067
0.15435
0.16833
-0.08257
-0.20872
-0.01424
0.19805
0.11104
-0.14379
-0.17780
0.05994
0.20073
0.03732
-0.17559
-0.12073
0.11222
0.17304
-0.02484
-0.17962
-0.06695
0.14602
0.14468
-0.08498
-0.18474
0.00174
0.17740
0.08511
-0.13591
-0.15215
0.06413
0.17957
0.01935
-0.16873
-0.09922
0.12173
0.16233
-0.04975
-0.18647
-0.03165
0.17523
0.11587
-0.12614
-0.17680
0.04049
0.20244
0.05153
-0.18199
-0.13507
0.10863
0.19712
-0.01089
-0.21313
-0.09125
0.17156
0.18132
-0.08645
-0.22985
-0.02149
0.22169
0.13442
-0.16312
-0.21585
0.05963
0.24236
0.06601
-0.21664
-0.17428
0.13417
0.23957
-0.00972
-0.25028
-0.11684
0.19752
0.21593
-0.08826
-0.26932
-0.04172
0.25090
0.16109
-0.16608
-0.24330
0.04540
0.26093
0.09260
-0.20897
-0.20744
0.10594
0.26878
0.03253
-0.26540
-0.16986
0.19208
0.26324
-0.05846
-0.29708
-0.09862
0.25729
0.22953
-0.14385
-0.31009
-0.01376
0.31875
0.17154
-0.24026
-0.29384
0.09918
0.34526
0.06542
-0.30976
-0.22185
0.19877
0.32710
-0.03761
-0.34781
-0.13757
0.28135
0.27946
-0.13964
-0.35249
-0.04259
0.34387
0.21347
-0.23603
-0.33352
0.06156
0.38027
0.12090
-0.32596
-0.27934
0.18134
0.37334
0.00231
-0.37192
-0.18610
0.27139
0.32508
-0.10253
-0.38057
-0.08236
0.33466
0.24490
-0.19667
-0.34597
0.01086
0.35612
0.16806
-0.26695
-0.30458
0.09850
0.37026
0.08230
-0.32946
-0.24069
0.19383
0.34817
-0.02216
-0.35422
-0.15994
0.27063
0.30603
-0.12186
-0.36617
-0.06964
0.33844
0.24156
-0.22112
-0.34741
0.04426
0.37043
0.14073
-0.29920
-0.28671
0.14537
0.36135
0.04095
-0.34105
-0.21060
0.22387
0.32997
-0.05629
-0.35591
-0.12181
0.28117
0.27559
-0.13411
-0.34740
-0.04659
0.32611
0.21303
-0.21902
-0.32579
0.05082
0.35615
0.12442
-0.29121
-0.27274
0.14585
0.35084
0.03470
-0.33608
-0.20419
0.23289
0.32348
-0.06459
-0.36353
-0.11695
0.31287
0.27585
-0.17770
-0.36798
-0.00414
0.36773
0.18210
-0.27683
-0.31504
0.10778
0.36618
0.08350
-0.32516
-0.24421
0.19378
0.34068
-0.01100
-0.34935
-0.15859
0.26560
0.28429
-0.11249
-0.33782
-0.06173
0.30307
0.21739
-0.19727
-0.31479
0.04149
0.32239
0.12509
-0.25303
-0.25910
0.12095
0.31825
0.04491
-0.28771
-0.20016
0.18933
0.29992
-0.03944
-0.31623
-0.12341
0.26014
0.24941
-0.13009
-0.31247
-0.03171
0.30090
0.17320
-0.20755
-0.27238
0.06768
0.30169
0.08114
-0.25293
-0.20934
0.14593
0.27509
-0.00992
-0.27019
-0.13076
0.19892
0.22990
-0.08016
-0.26133
-0.05409
0.22637
0.16902
-0.13142
-0.23518
0.00630
0.24093
0.11391
-0.17980
-0.20496
0.07596
0.23913
0.04018
-0.20530
-0.15521
0.12744
0.21575
-0.01971
-0.20796
-0.09968
0.15952
0.18330
-0.07044
-0.20623
-0.03678
0.18555
0.13455
-0.11796
-0.18994
0.01901
0.19235
0.07550
-0.14640
-0.15098
0.06119
0.17929
0.03087
-0.15634
-0.11509
0.09748
0.16648
-0.01541
-0.16741
-0.06885
0.12974
0.12845
-0.06135
-0.14985
-0.01780
0.13424
0.08591
-0.08435
-0.13138
0.01475
0.14309
0.05328
-0.12116
-0.10923
0.06885
0.14035
-0.00109
-0.13900
-0.06418
0.11027
0.11247
-0.05391
-0.13861
-0.01267
0.14131
0.07082
-0.10892
-0.11866
0.05110
0.14138
0.01013
-0.12827
-0.07065
0.08916
0.11784
-0.03150
-0.12762
-0.03844
0.11295
0.09695
-0.07050
-0.12116
0.00224
0.12020
0.06366
-0.09034
-0.11124
0.03423
0.12790
0.02744
-0.11366
-0.08072
0.06754
0.10793
-0.01092
-0.10966
-0.04478
0.08355
0.08572
-0.03533
-0.10401
-0.02047
0.10039
0.06640
-0.06178
-0.10353
0.01118
0.12484
0.03353
-0.10191
-0.07612
0.05766
0.11018
-0.01064
-0.11590
-0.03750
0.09261
0.07907
-0.04530
-0.10744
-0.01954
0.11233
0.07768
-0.08400
-0.11967
0.01963
0.14038
0.05155
-0.12628
-0.10977
0.07523
0.14543
-0.00171
-0.14949
-0.07266
0.12005
0.13057
-0.05274
-0.15242
-0.03249
0.14068
0.10797
-0.08876
-0.15622
0.00063
0.17139
0.08236
-0.13863
-0.15138
0.05711
0.19224
0.03063
-0.17819
-0.12332
