2016   1  0   9.8   2.6   1.66     0.14
2016   2  0   6.2   6.8   0.03     3.50
2016   3  0   5.7   5.1  -0.03     0.37
2016   4  0   4.8   5.1  -0.25     0.16
2016   5  0   9.7  10.3  -2.10     0.15
2016   6  0   6.1   4.5  -0.12     0.14
2016   7  0   5.3   4.1   0.17     0.14
2016   8  0   4.7   3.7  -0.11     0.15
2016   9  0   5.6   5.0  -0.47     0.15
2016  10  0   4.9   6.3  -0.02     0.14
2016  11  0   7.6   4.3   0.79     0.14
2016  12  0   7.2   3.5  -0.91     0.14
2016  13  0   6.1   3.1   0.24     0.14
2016  14  0   4.8   2.8   0.27     0.14
2016  15  0   3.9   3.0   0.09     0.15
2016  16  0   5.4   6.7  -0.57     0.15
2016  17  0   5.4   6.2   0.13     0.14
2016  18  0   5.5   6.8   0.11     0.15
2016  19  0  11.1  16.8  -1.48     0.14
2016  20  0  14.6  18.4   1.84     0.14
2016  21  0  11.1  13.3   0.22     0.14
2016  22  0   6.4   3.9  -0.12     0.15
2016  23  0   5.0   4.2   0.25     0.15
2016  24  0   5.7   8.1  -0.28     0.16
2016  25  0   5.9   4.2  -0.60     0.16
2016  26  0   5.1   9.4  -0.80     0.15
2016  27  0   6.6   9.5  -0.72     0.15
2016  28  0   6.9   7.0  -0.08     0.15
2016  29  0   4.7   4.2   0.13     0.15
2016  30  0   3.8  12.6   0.10     0.16
2016  31  0   7.8  15.2   1.46     0.15
2016  32  0   8.1  15.5   0.26     0.14
2016  33  0   6.9  25.9   0.29     0.15
2016  34  0   8.7  10.8  -0.86     0.16
2016  35  0   8.4   6.9  -1.42     0.14
2016  36  0   6.2   5.7   0.31     0.14
2016  37  0   3.7   4.6   0.04     0.15
2016  38  0   5.2   7.7   0.67     0.15
2016  39  0   6.2   7.2   0.30     0.15
2016  40  0   9.3   9.7  -0.06     0.15
2016  41  0   4.5   4.8   0.61     0.15
2016  42  0   7.2   6.7   1.41     0.15
2016  43  0  13.8  17.7  -1.27     0.16
2016  44  0  10.2  12.6  -2.03     0.15
2016  45  0   6.6   7.1  -0.04     0.15
2016  46  0   6.4  10.0   0.04     0.15
2016  47  0  11.3  13.9   0.65     0.14
2016  48  0   7.6   5.9   0.96     0.15
2016  49  0   5.5   3.1   0.53     0.15
2016  50  0   4.1   3.2   0.54     0.15
2016  51  0   3.8   3.0  -0.04     0.15
2016  52  0   4.1   6.9   0.31     0.15
2016  53  0   6.0   9.8  -0.51     0.15
2016  54  0   5.3   7.2   0.39     0.16
2016  55  0   6.6   9.5   0.36     0.16
2016  56  0   8.0  15.7  -0.34     0.15
2016  57  0   6.7   5.9  -0.54     0.15
2016  58  0   5.4   5.9  -0.32     0.15
2016  59  0   4.8   7.0  -0.26     0.14
2016  60  0   4.3  10.4  -0.21     0.15
2016  61  0   9.2  13.1  -0.81     0.16
2016  62  0   8.4   6.7  -1.35     0.16
2016  63  0   5.2   4.3  -0.07     0.16
2016  64  0   4.6   3.6  -0.46     0.16
2016  65  0   4.8   7.8  -0.46     0.15
2016  66  0  13.9  18.6  -0.59     0.15
2016  67  0   7.3   5.7   1.06     0.15
2016  68  0   4.1   4.4   0.27     0.15
2016  69  0   3.8   5.4   0.54     0.15
2016  70  0   4.6   9.6   0.88     0.16
2016  71  0  12.3  23.2  -1.30     0.17
2016  72  0   5.4   5.1  -0.58     0.15
2016  73  0   5.0   5.4  -0.90     0.15
2016  74  0   7.9  12.6   0.09     0.15
2016  75  0   8.0   6.0   1.14     0.15
2016  76  0   7.9   5.0   0.64     0.36
2016  77  0   6.2   3.1   0.48     0.17
2016  78  0   6.7   4.5   0.69     0.16
2016  79  0   6.5   5.1   0.67     0.15
2016  80  0   6.0   4.1   0.72     0.15
2016  81  0   4.7   8.1  -0.40     0.15
2016  82  0   5.9   7.2  -0.90     0.15
2016  83  0   6.4   8.0  -0.48     0.15
2016  84  0   5.4   6.0  -0.80     0.14
2016  85  0   3.9   2.4  -0.21     0.14
2016  86  0   4.3   7.6  -0.50     0.14
2016  87  0   9.8  11.1  -0.86     0.14
2016  88  0   7.5   6.5  -1.26     0.16
2016  89  0   5.4   4.3  -0.16     0.15
2016  90  0   4.5   3.4  -0.20     0.15
2016  91  0   3.5   2.6  -0.10     0.15
2016  92  0   3.6   4.8  -0.36     0.15
2016  93  0   7.2  10.8   0.78     0.16
2016  94  0   6.5   6.4   0.59     0.15
2016  95  0   7.6   4.9   0.17     0.15
2016  96  0   7.9   4.4   0.44     0.15
2016  97  0   7.1   5.6   0.42     0.15
2016  98  0   8.1  16.1   0.51     0.16
2016  99  0   6.8  13.5  -1.29     0.16
2016 100  0   4.1   9.3  -0.57     0.15
2016 101  0   5.8  11.0  -0.62     0.15
2016 102  0   7.8   9.8  -0.40     0.15
2016 103  0   9.7  12.4   1.01     0.15
2016 104  0   7.0   3.8   1.37     0.15
2016 105  0   7.0   4.9   1.74     0.14
2016 106  0   7.8   9.7  -0.38     0.15
2016 107  0   7.9   7.2   0.58     0.15
2016 108  0   6.6  16.2   0.71     0.15
2016 109  0   7.3   8.5  -1.38     0.23
2016 110  0   5.3   3.7  -0.68     0.17
2016 111  0   7.1   6.9  -0.05     0.16
2016 112  0   7.7   8.8  -1.12     0.15
2016 113  0   7.5   6.3  -1.00     0.14
2016 114  0   5.9   8.4  -0.52     0.15
2016 115  0   6.7   4.8  -1.28     0.15
2016 116  0   5.1   3.3  -0.70     0.15
2016 117  0   4.4   3.7  -0.21     0.15
2016 118  0   5.0   4.7   0.16     0.15
2016 119  0   4.0   4.0  -0.39     0.15
2016 120  0   4.4   6.7  -0.72     0.16
2016 121  0   6.7  11.6   0.37     0.16
2016 122  0   8.7   9.2   1.00     0.16
2016 123  0   7.5   7.4   1.13     0.15
2016 124  0   4.5   2.7   0.37     0.15
2016 125  0   3.5   2.6  -0.31     0.15
2016 126  0   5.9   5.4   0.04     0.15
2016 127  0   9.4  12.6   0.60     0.15
2016 128  0   5.9   5.7  -0.28     0.15
2016 129  0  11.9   8.7   2.81     0.14
2016 130  0   6.0   2.4   1.13     0.15
2016 131  0   4.1   1.8   0.62     0.15
2016 132  0   3.5   2.0   0.35     0.16
2016 133  0   5.0   2.7   0.36     0.16
2016 134  0   6.3   5.3   0.69     0.16
2016 135  0   6.7  16.4   1.27     0.16
2016 136  0   9.6   8.8  -0.54     0.32
2016 137  0   6.7   5.2   0.27     0.35
2016 138  0   5.8   5.2  -0.49     0.16
2016 139  0   5.8   5.2  -0.33     0.15
2016 140  0   5.4   6.0  -0.46     0.15
2016 141  0   7.2   6.6  -0.86     0.15
2016 142  0   8.3   6.8  -0.47     0.15
2016 143  0   5.6   1.7  -0.66     0.16
2016 144  0   3.9   2.0  -0.37     0.16
2016 145  0   4.8   2.9  -0.25     0.16
2016 146  0   3.9   3.6  -0.41     0.15
2016 147  0   3.9   7.7  -0.25     0.16
2016 148  0   8.0   9.7   0.27     0.15
2016 149  0   7.0   6.0   0.15     0.15
2016 150  0   6.2   4.0   0.37     0.15
2016 151  0   4.9   4.5   0.21     0.16
2016 152  0   5.3   5.0   0.39     0.16
2016 153  0   3.8   3.4   0.07     0.16
2016 154  0   3.9   3.6   0.12     0.16
2016 155  0   3.6   5.5   0.12     0.17
2016 156  0   3.9   9.1  -0.14     0.16
2016 157  0   9.7  25.8   0.73     0.16
2016 158  0   6.3   5.0   1.15     0.15
2016 159  0   5.6   4.3  -0.17     0.16
2016 160  0   5.2   3.4  -0.45     0.16
2016 161  0   3.3   3.7   0.11     0.16
2016 162  0   6.1  12.3   0.21     0.16
2016 163  0   7.9   5.8   0.03     0.16
2016 164  0   9.5   8.3  -0.97     0.16
2016 165  0   5.9   4.9  -0.68     0.16
2016 166  0   7.1   7.2   0.36     0.15
2016 167  0   8.4   4.7  -1.95     0.15
2016 168  0   5.4   3.0  -0.89     0.15
2016 169  0   5.9   2.5  -0.26     0.15
2016 170  0   4.6   2.9  -0.31     0.15
2016 171  0   3.9   2.5  -0.29     0.16
2016 172  0   3.8   3.0  -0.64     0.16
2016 173  0   3.2   3.2  -0.23     0.16
2016 174  0   6.3  11.0  -0.07     0.16
2016 175  0   7.9   8.7  -0.34     0.15
2016 176  0   5.4   5.1   0.35     0.15
2016 177  0   4.5   2.7   0.30     0.15
2016 178  0   7.0   5.8  -0.19     0.15
2016 179  0   4.9   4.0  -0.25     0.15
2016 180  0   4.0   4.3  -0.01     0.16
2016 181  0   3.8   5.6  -0.19     0.16
2016 182  0   5.3   9.9   0.15     0.16
2016 183  0   5.1   7.7   0.09     0.16
2016 184  0   4.8  15.4  -0.04     0.16
2016 185  0   7.5   8.2  -0.28     0.16
2016 186  0   4.7   4.6   0.22     0.16
2016 187  0   4.1   5.0   0.06     0.17
2016 188  0   4.5  13.9   0.19     0.16
2016 189  0  11.3  15.7   0.16     0.17
2016 190  0   7.9   6.2   0.82     0.16
2016 191  0   6.2   4.2  -0.10     0.15
2016 192  0   5.0   2.9  -0.32     0.15
2016 193  0   4.9   3.6   0.01     0.15
2016 194  0   6.6   3.8   0.86     0.15
2016 195  0   4.8   3.1  -0.18     0.14
2016 196  0   6.0   4.0   0.22     0.15
2016 197  0   4.7   2.7   0.24     0.15
2016 198  0   3.3   2.7   0.08     0.15
2016 199  0   3.7   3.5   0.45     0.16
2016 200  0   2.8   3.2   0.06     0.16
2016 201  0   3.6   6.2   0.20     0.16
2016 202  0  15.2  12.1  -2.85     0.15
2016 203  0   9.7   1.7  -2.57     0.15
2016 204  0   8.4   2.8   0.79     0.15
2016 205  0   6.6   3.6   0.03     0.20
2016 206  0   8.0   8.2  -0.54     0.16
2016 207  0   5.0   8.6   1.03     0.15
2016 208  0   3.3   7.6   0.39     0.16
2016 209  0   3.9  10.1  -0.33     0.16
2016 210  0   7.5  23.0   0.60     0.16
2016 211  0   7.2   5.5  -0.21     0.16
2016 212  0   3.0   3.7   0.15     0.16
2016 213  0   3.6   4.7  -0.04     0.16
2016 214  0   3.8   5.6  -0.04     0.17
2016 215  0  10.3  18.9  -1.53     0.16
2016 216  0  12.6  11.4   0.66     0.15
2016 217  0   6.1   3.8   0.07     0.17
2016 218  0   6.1   3.0   0.35     0.16
2016 219  0   5.7   2.6  -0.03     0.15
2016 220  0   4.8   3.3   0.01     0.15
2016 221  0   5.3   4.7  -0.16     0.16
2016 222  0   6.3   3.9   0.01     0.16
2016 223  0   4.4   2.6   0.40     0.15
2016 224  0   5.2   2.9  -0.40     0.15
2016 225  0   4.2   2.8   0.57     0.16
2016 226  0   3.3   2.6   0.50     0.16
2016 227  0   4.3   4.0  -0.12     0.16
2016 228  0   5.1   6.3   0.29     0.15
2016 229  0   5.7  12.3   0.43     0.15
2016 230  0   7.5  11.7  -0.85     0.15
2016 231  0   5.5   4.3   0.62     0.15
2016 232  0   5.4   5.1   0.46     0.15
2016 233  0   6.6   7.6  -0.27     0.16
2016 234  0   8.5  13.5  -0.82     0.16
2016 235  0   5.0   5.5   0.07     0.16
2016 236  0   8.7   9.4   0.72     0.16
2016 237  0   7.6   5.5  -0.81     0.15
2016 238  0   5.2   3.8  -0.16     0.16
2016 239  0   5.3   4.8  -0.66     0.15
2016 240  0   4.4   4.7  -0.14     0.16
2016 241  0   3.8   5.4  -0.34     0.16
2016 242  0   4.9  15.1  -0.20     0.17
2016 243  0   7.9   8.7   0.91     0.17
2016 244  0   6.6   6.4   0.01     0.16
2016 245  0   8.1   6.8   1.06     0.15
2016 246  0   7.4   4.4   0.58     0.15
2016 247  0   6.1   3.1   0.95     0.16
2016 248  0   5.6   2.7   0.45     0.15
2016 249  0   4.7   3.0   0.62     0.16
2016 250  0   4.6   2.5   0.41     0.16
2016 251  0   4.0   3.8   0.24     0.16
2016 252  0   4.6   4.0   0.86     0.16
2016 253  0   4.4   3.2  -0.25     0.16
2016 254  0   3.4   4.0   0.18     0.16
2016 255  0   4.4   5.9   0.70     0.16
2016 256  0   7.9  15.6  -0.44     0.16
2016 257  0   5.7   9.4   0.80     0.16
2016 258  0   6.8  13.2   1.00     0.16
2016 259  0   6.5  12.1   0.54     0.16
2016 260  0   6.5   7.6  -0.44     0.16
2016 261  0   5.7  13.2  -0.74     0.17
2016 262  0   5.7   8.9   0.20     0.16
2016 263  0  11.0  14.6  -1.15     0.17
2016 264  0   7.0   4.4  -1.02     0.16
2016 265  0   4.0   2.9  -0.64     0.16
2016 266  0   5.0   3.5  -0.68     0.16
2016 267  0   5.0   6.0  -1.39     0.16
2016 268  0   6.7   7.6  -0.61     0.16
2016 269  0   8.8  13.5  -0.06     0.18
2016 270  0   8.4   8.9   1.03     0.17
2016 271  0   8.0   6.1   0.20     0.16
2016 272  0   6.0   4.3   0.56     0.16
2016 273  0   6.5   3.1   0.82     0.16
2016 274  0   4.4   2.5   0.40     0.16
2016 275  0   4.5   2.9   0.44     0.16
2016 276  0   5.1   4.0   0.47     0.17
2016 277  0   5.6   3.9   0.07     0.16
2016 278  0   6.4   4.2   0.39     0.16
2016 279  0   3.7   3.8   0.26     0.16
2016 280  0   4.4   5.6  -0.13     0.16
2016 281  0   4.5   4.3  -0.12     0.16
2016 282  0   4.2   4.2   0.46     0.16
2016 283  0   5.1   6.1   0.45     0.17
2016 284  0   6.4  11.2   0.45     0.17
2016 285  0   6.0   8.2  -0.85     0.17
2016 286  0   3.8   6.6  -0.44     0.16
2016 287  0  16.2   9.2   4.49     0.16
2016 288  0  16.5   6.2  -0.33     0.18
2016 289  0   9.2   5.2  -0.80     0.17
2016 290  0   6.9   3.9  -1.04     0.16
2016 291  0   4.6   2.5  -0.37     0.16
2016 292  0   3.7   2.0  -0.20     0.17
2016 293  0   3.5   2.8  -0.21     0.17
2016 294  0   4.3   5.1  -0.66     0.17
2016 295  0   3.6   5.5  -0.62     0.17
2016 296  0   4.8  12.6  -0.20     0.18
2016 297  0   6.0   7.2   0.13     0.17
2016 298  0   6.5  10.1   1.31     0.17
2016 299  0   9.5  11.0   0.95     0.16
2016 300  0   5.3   3.2   1.16     0.17
2016 301  0   5.2   2.9   0.93     0.16
2016 302  0   6.0   3.1   0.42     0.16
2016 303  0   7.2   3.8   0.97     0.16
2016 304  0   5.3   2.7   0.52     0.16
2016 305  0   3.9   2.9   0.44     0.17
2016 306  0   4.7   4.3   0.72     0.17
2016 307  0   5.7   6.4   0.53     0.17
2016 308  0   6.0   7.7   1.18     0.17
2016 309  0   5.0   7.2  -0.28     0.17
2016 310  0   4.1   6.4  -0.11     0.17
2016 311  0   3.9  10.9   0.32     0.17
2016 312  0   3.6  10.5  -0.18     0.17
2016 313  0   4.1   9.8  -0.12     0.17
2016 314  0   6.0  21.9  -0.04     0.17
2016 315  0  10.9  13.0   0.53     0.17
2016 316  0   9.2   9.0  -0.97     0.17
2016 317  0   8.8   6.1  -1.06     0.17
2016 318  0   5.3   2.5  -0.05     0.17
2016 319  0   4.5   2.2  -0.60     0.17
2016 320  0   3.8   2.6  -0.03     0.16
2016 321  0   3.6   4.4  -0.27     0.17
2016 322  0   3.5   4.8  -0.11     0.17
2016 323  0   4.0   5.5  -0.03     0.18
2016 324  0   4.4  10.3  -0.29     0.18
2016 325  0   3.8  13.0  -0.09     0.18
2016 326  0   5.1  12.8   0.18     0.17
2016 327  0   9.6  10.9  -0.08     0.17
2016 328  0   5.0   5.8   0.70     0.17
2016 329  0   8.7   8.7   0.94     0.16
2016 330  0   7.3   2.3   0.77     0.16
2016 331  0   4.9   1.9   0.21     0.16
2016 332  0   4.5   2.1   0.28     0.17
2016 333  0   4.7   4.6   0.20     0.16
2016 334  0   3.8   3.6   0.17     0.17
2016 335  0   5.0   5.0  -0.11     0.17
2016 336  0   5.5   9.3  -0.82     0.17
2016 337  0   4.7   5.7   0.40     0.17
2016 338  0   2.8   8.9   0.19     0.17
2016 339  0   2.4  17.0   0.24     0.17
2016 340  0   5.0  17.8  -0.30     0.17
2016 341  0   6.9  14.4  -0.15     0.17
2016 342  0   8.0  15.4   0.51     0.17
2016 343  0   8.1   8.3  -0.13     0.17
2016 344  0   7.7   4.1  -0.40     0.17
2016 345  0   5.0   2.7  -0.07     0.17
2016 346  0   4.2   3.4   0.17     0.17
2016 347  0   5.7   4.5  -0.82     0.17
2016 348  0   4.3   2.8  -0.47     0.17
2016 349  0   3.6   3.3  -0.15     0.17
2016 350  0   3.3   4.1  -0.22     0.17
2016 351  0   3.3   5.1  -0.22     0.18
2016 352  0   4.5  11.9   0.13     0.18
2016 353  0   5.6   8.5   0.48     0.17
2016 354  0   5.0   8.4   0.39     0.17
2016 355  0   6.0   9.0   0.20     0.17
2016 356  0  10.3   7.8   0.09     0.17
2016 357  0   6.3   3.7   0.25     0.17
2016 358  0   5.0   2.3   0.96     0.17
2016 359  0   5.5   2.9  -0.30     0.16
2016 360  0   5.5   3.5  -0.14     0.17
2016 361  0   4.6   2.9   0.61     0.17
2016 362  0   3.8   2.7  -0.01     0.17
2016 363  0   3.0   3.4   0.11     0.17
2016 364  0   4.0   5.5   0.42     0.18
2016 365  0   3.8   8.2   0.05     0.18
2016 366  0   9.3  17.6   0.10     0.17
2017   1  0   4.6   5.5   0.63     0.18
2017   2  0   4.4   5.9   0.64     0.17
2017   3  0   7.3  11.0   0.35     0.17
2017   4  0   9.0   9.6  -0.44     0.18
2017   5  0   8.0   6.1   0.29     0.19
2017   6  0   4.7   2.4  -0.02     0.18
2017   7  0   4.3   2.3   0.16     0.18
2017   8  0   4.4   2.4   0.31     0.18
2017   9  0   4.3   2.0   0.01     0.17
2017  10  0   3.7   2.9   0.09     0.17
2017  11  0   3.5   3.9  -0.06     0.18
2017  12  0   3.4   6.1  -0.09     0.18
2017  13  0   4.0  11.4  -0.08     0.18
2017  14  0   2.4   8.3   0.05     0.19
2017  15  0   3.7  11.3   0.43     0.18
2017  16  0   3.6  13.3  -0.17     0.18
2017  17  0   3.6  15.8  -0.02     0.18
2017  18  0  10.2  15.2  -0.24     0.17
2017  19  0   5.5   3.4  -0.21     0.17
2017  20  0   4.2   3.1  -0.07     0.17
2017  21  0   4.6   4.6   0.02     0.17
2017  22  0   5.2   3.4  -0.07     0.17
2017  23  0   3.9   3.7  -0.14     0.17
2017  24  0   2.8   3.9   0.05     0.18
2017  25  0   6.4   9.2  -0.51     0.17
2017  26  0   8.6  11.5  -0.44     0.17
2017  27  0   6.6   4.7  -0.10     0.18
2017  28  0   5.8   5.2  -0.16     0.17
2017  29  0   4.8   5.1   0.27     0.18
2017  30  0   5.6   9.5   0.23     0.19
2017  31  0   9.9   6.9   0.23     0.17
